[  4.   1.   5.   3.   7.   8.   2.   0.   4.   8.   2.   7.   1.   3.
   7.   5.   1.   1.   1.   5.   8.   3.   9.   5.   6.   7.   2.   3.
   9.   9.   9.   2.   7.  19.   7.  11.   6.  14.  14.   9.  23.  18.
  26.  14.   9.   8.  15.  12.  20.  33.  23.  29.  35.  37.  13.  33.
  16.  25.   6.  27.  43.  25.   3.  20.  31.  22.  35.  39.  28.  60.
  38.  23.  32.  24.  26.  20.  33.  47.  31.  55.  43.  39.  40.  42.
  34.  51.  41.  59.  56.  62.  70.  47.  27.  29. 103.  63.  39.  68.
  62.  43.  51.  48.  24.  32.  33.  31.  28.  79.  72.  66.  27.  32.
  98.  56.  69.  79.  31.  40.  90.  53.  63.  75.  42. 145.  77. 107.
  65. 111. 112.  72.  73. 121. 107.  80.  65. 101. 135. 123.  79.  82.
  72.  35.  78. 120.  96.  63.  73.  96. 105.  91. 113.  97.  73.  80.
  97.  60.  97. 130. 163.  87. 110. 113. 187. 134.  77. 140. 140. 142.
 141. 149.  55. 147. 170. 105. 165. 188. 173. 109. 182. 107. 111. 100.
 145. 199. 185. 175. 183. 214. 133. 179. 151. 160. 127. 175. 206. 179.
 208. 145. 178. 185. 174. 193. 262. 150. 155. 219. 260. 162. 195. 203.
 318. 331. 372. 371. 399. 443. 330. 477. 445. 424. 431. 422. 415. 442.
 442. 465. 463. 431. 511. 483. 455. 462. 504. 528. 470. 467. 513. 448.
 456. 453. 407. 447. 488. 461. 486. 489. 483. 525. 458. 497. 513. 484.
 465. 480. 508. 460. 480. 494. 455. 485. 504. 451. 480. 530. 477. 467.
 513. 510. 469. 462. 528. 475. 476. 515. 500. 522. 445. 512. 453. 511.
 475. 515. 512. 502. 526. 499. 498. 491. 504. 507. 541. 485. 482. 502.
 439. 523. 482. 501. 493. 532. 480. 459. 501. 517. 531. 491. 515. 488.
 515. 450. 452. 533. 490. 530. 472. 496. 473. 514. 527. 519. 491. 530.
 481. 485. 501. 474. 494. 496. 532. 489. 556. 511. 528. 471. 473. 573.
 516. 548. 521. 503. 532. 519. 515. 463. 504. 481. 508. 477. 460. 519.
 529. 516. 485. 493. 570. 492. 534. 540. 467. 482. 522. 491. 508. 528.
 502. 539. 538. 498. 519. 490. 564. 468. 484. 489. 535. 542. 510. 523.
 513. 526. 497. 492. 499. 537. 489. 532. 498. 466. 555. 528. 567. 508.
 537. 483. 482. 506. 476. 488. 517. 471. 490. 531. 497. 501. 504. 487.
 514. 551. 545. 504. 509. 532. 542. 419. 489. 531. 525. 553. 547. 548.
 491. 476. 528. 503. 559. 544. 530. 505. 550. 508. 454. 531. 473. 536.
 526. 516. 494. 540. 485. 534. 512. 520. 556. 492. 478. 522. 524. 469.
 522. 519. 505. 510. 547. 549. 514. 529. 502. 524. 502. 538. 487. 523.
 539. 490. 528. 568. 536. 539. 534. 537. 528. 542. 540. 525. 581. 530.
 540. 523. 562. 588. 547. 531. 603. 574. 555. 557. 521. 576. 584. 549.
 540. 558. 519. 530. 527. 574. 566. 481. 553. 547. 542. 547. 544. 560.
 556. 565. 578. 522. 491. 585. 481. 599. 549. 579. 577. 513. 555. 535.
 613. 581. 576. 562. 596. 579. 623. 616. 559. 608. 618. 596. 587. 564.
 581. 585. 598. 590. 618. 582. 597. 601. 550. 611. 601. 530. 570. 596.
 608. 646.]